(kicad_pcb (version 20171130) (host pcbnew "(5.1.10)-1")

  (general
    (thickness 1.6)
    (drawings 37)
    (tracks 34)
    (zones 0)
    (modules 9)
    (nets 11)
  )

  (page A4)
  (title_block
    (title "MR-8 Gender Changer")
    (date 2021-10-05)
    (rev 1)
    (company @tokuhira)
  )

  (layers
    (0 F.Cu signal)
    (31 B.Cu signal)
    (32 B.Adhes user)
    (33 F.Adhes user)
    (34 B.Paste user)
    (35 F.Paste user)
    (36 B.SilkS user)
    (37 F.SilkS user)
    (38 B.Mask user)
    (39 F.Mask user)
    (40 Dwgs.User user)
    (41 Cmts.User user)
    (42 Eco1.User user)
    (43 Eco2.User user)
    (44 Edge.Cuts user)
    (45 Margin user)
    (46 B.CrtYd user)
    (47 F.CrtYd user)
    (48 B.Fab user)
    (49 F.Fab user)
  )

  (setup
    (last_trace_width 0.3)
    (trace_clearance 0.2)
    (zone_clearance 0.508)
    (zone_45_only no)
    (trace_min 0.2)
    (via_size 0.6)
    (via_drill 0.3)
    (via_min_size 0.4)
    (via_min_drill 0.3)
    (uvia_size 0.3)
    (uvia_drill 0.1)
    (uvias_allowed no)
    (uvia_min_size 0.2)
    (uvia_min_drill 0.1)
    (edge_width 0.05)
    (segment_width 0.2)
    (pcb_text_width 0.3)
    (pcb_text_size 1.5 1.5)
    (mod_edge_width 0.12)
    (mod_text_size 1 1)
    (mod_text_width 0.15)
    (pad_size 1.7 1.7)
    (pad_drill 1)
    (pad_to_mask_clearance 0)
    (aux_axis_origin 150.115 108.75)
    (grid_origin 158.115 94.25)
    (visible_elements 7FFFFFFF)
    (pcbplotparams
      (layerselection 0x010fc_ffffffff)
      (usegerberextensions false)
      (usegerberattributes true)
      (usegerberadvancedattributes true)
      (creategerberjobfile true)
      (excludeedgelayer true)
      (linewidth 0.100000)
      (plotframeref false)
      (viasonmask false)
      (mode 1)
      (useauxorigin false)
      (hpglpennumber 1)
      (hpglpenspeed 20)
      (hpglpendiameter 15.000000)
      (psnegative false)
      (psa4output false)
      (plotreference true)
      (plotvalue true)
      (plotinvisibletext false)
      (padsonsilk false)
      (subtractmaskfromsilk false)
      (outputformat 1)
      (mirror false)
      (drillshape 0)
      (scaleselection 1)
      (outputdirectory "GetberOutput"))
  )

  (net 0 "")
  (net 1 /PWM_A)
  (net 2 /PWM_B)
  (net 3 /PWM_C)
  (net 4 /PWM_D)
  (net 5 /PWM_E)
  (net 6 /PWM_F)
  (net 7 /PWM_G)
  (net 8 /PWM_H)
  (net 9 +V_VEH)
  (net 10 GND)

  (net_class Default "This is the default net class."
    (clearance 0.2)
    (trace_width 0.3)
    (via_dia 0.6)
    (via_drill 0.3)
    (uvia_dia 0.3)
    (uvia_drill 0.1)
    (add_net /PWM_A)
    (add_net /PWM_B)
    (add_net /PWM_C)
    (add_net /PWM_D)
    (add_net /PWM_E)
    (add_net /PWM_F)
    (add_net /PWM_G)
    (add_net /PWM_H)
  )

  (net_class Power ""
    (clearance 0.25)
    (trace_width 0.6)
    (via_dia 0.8)
    (via_drill 0.4)
    (uvia_dia 0.3)
    (uvia_drill 0.1)
    (add_net +V_VEH)
    (add_net GND)
  )

  (module Connector_PinSocket_2.54mm:PinSocket_1x08_P2.54mm_Vertical (layer B.Cu) (tedit 615C2FCC) (tstamp 6152A369)
    (at 153.67 84.09 180)
    (descr "Through hole straight socket strip, 1x08, 2.54mm pitch, single row (from Kicad 4.0.7), script generated")
    (tags "Through hole socket strip THT 1x08 2.54mm single row")
    (path /61534ECF)
    (fp_text reference J3 (at 0 2.54 270) (layer B.SilkS)
      (effects (font (size 1 1) (thickness 0.15)) (justify mirror))
    )
    (fp_text value Conn_01x08 (at 0 -20.55 180) (layer B.Fab)
      (effects (font (size 1 1) (thickness 0.15)) (justify mirror))
    )
    (fp_line (start -1.8 -19.55) (end -1.8 1.8) (layer B.CrtYd) (width 0.05))
    (fp_line (start 1.75 -19.55) (end -1.8 -19.55) (layer B.CrtYd) (width 0.05))
    (fp_line (start 1.75 1.8) (end 1.75 -19.55) (layer B.CrtYd) (width 0.05))
    (fp_line (start -1.8 1.8) (end 1.75 1.8) (layer B.CrtYd) (width 0.05))
    (fp_line (start 0 1.33) (end 1.33 1.33) (layer B.SilkS) (width 0.12))
    (fp_line (start 1.33 1.33) (end 1.33 0) (layer B.SilkS) (width 0.12))
    (fp_line (start 1.33 -1.27) (end 1.33 -19.11) (layer B.SilkS) (width 0.12))
    (fp_line (start -1.016 -19.11) (end 1.33 -19.11) (layer B.SilkS) (width 0.12))
    (fp_line (start -1.33 -1.27) (end -1.33 -18.796) (layer B.SilkS) (width 0.12))
    (fp_line (start -1.33 -1.27) (end 1.33 -1.27) (layer B.SilkS) (width 0.12))
    (fp_line (start -1.27 -19.05) (end -1.27 1.27) (layer B.Fab) (width 0.1))
    (fp_line (start 1.27 -19.05) (end -1.27 -19.05) (layer B.Fab) (width 0.1))
    (fp_line (start 1.27 0.635) (end 1.27 -19.05) (layer B.Fab) (width 0.1))
    (fp_line (start 0.635 1.27) (end 1.27 0.635) (layer B.Fab) (width 0.1))
    (fp_line (start -1.27 1.27) (end 0.635 1.27) (layer B.Fab) (width 0.1))
    (fp_text user %R (at 0 -8.89 90) (layer B.Fab)
      (effects (font (size 1 1) (thickness 0.15)) (justify mirror))
    )
    (fp_line (start -1.33 -18.796) (end -1.016 -19.11) (layer B.SilkS) (width 0.12))
    (pad 8 thru_hole circle (at 0 -17.78 180) (size 1.7 1.7) (drill 1) (layers *.Cu *.Mask)
      (net 8 /PWM_H))
    (pad 7 thru_hole circle (at 0 -15.24 180) (size 1.7 1.7) (drill 1) (layers *.Cu *.Mask)
      (net 7 /PWM_G))
    (pad 6 thru_hole circle (at 0 -12.7 180) (size 1.7 1.7) (drill 1) (layers *.Cu *.Mask)
      (net 6 /PWM_F))
    (pad 5 thru_hole circle (at 0 -10.16 180) (size 1.7 1.7) (drill 1) (layers *.Cu *.Mask)
      (net 5 /PWM_E))
    (pad 4 thru_hole circle (at 0 -7.62 180) (size 1.7 1.7) (drill 1) (layers *.Cu *.Mask)
      (net 4 /PWM_D))
    (pad 3 thru_hole circle (at 0 -5.08 180) (size 1.7 1.7) (drill 1) (layers *.Cu *.Mask)
      (net 3 /PWM_C))
    (pad 2 thru_hole circle (at 0 -2.54 180) (size 1.7 1.7) (drill 1) (layers *.Cu *.Mask)
      (net 2 /PWM_B))
    (pad 1 thru_hole circle (at 0 0 180) (size 1.7 1.7) (drill 1) (layers *.Cu *.Mask)
      (net 1 /PWM_A))
    (model ${KISYS3DMOD}/Connector_PinSocket_2.54mm.3dshapes/PinSocket_1x08_P2.54mm_Vertical.wrl
      (at (xyz 0 0 0))
      (scale (xyz 1 1 1))
      (rotate (xyz 0 0 0))
    )
  )

  (module Connector_PinSocket_2.54mm:PinSocket_1x02_P2.54mm_Vertical (layer B.Cu) (tedit 615C2F6F) (tstamp 6152A34D)
    (at 158.75 104.41 90)
    (descr "Through hole straight socket strip, 1x02, 2.54mm pitch, single row (from Kicad 4.0.7), script generated")
    (tags "Through hole socket strip THT 1x02 2.54mm single row")
    (path /61533248)
    (fp_text reference J2 (at -2.286 0 90) (layer B.SilkS)
      (effects (font (size 1 1) (thickness 0.15)) (justify mirror))
    )
    (fp_text value Conn_01x02 (at 0 -5.31 90) (layer B.Fab)
      (effects (font (size 1 1) (thickness 0.15)) (justify mirror))
    )
    (fp_line (start -1.8 -4.3) (end -1.8 1.8) (layer B.CrtYd) (width 0.05))
    (fp_line (start 1.75 -4.3) (end -1.8 -4.3) (layer B.CrtYd) (width 0.05))
    (fp_line (start 1.75 1.8) (end 1.75 -4.3) (layer B.CrtYd) (width 0.05))
    (fp_line (start -1.8 1.8) (end 1.75 1.8) (layer B.CrtYd) (width 0.05))
    (fp_line (start 0 1.33) (end 1.33 1.33) (layer B.SilkS) (width 0.12))
    (fp_line (start 1.33 1.33) (end 1.33 0) (layer B.SilkS) (width 0.12))
    (fp_line (start 1.33 -1.27) (end 1.33 -3.556) (layer B.SilkS) (width 0.12))
    (fp_line (start -1.33 -3.87) (end 1.016 -3.87) (layer B.SilkS) (width 0.12))
    (fp_line (start -1.33 -1.27) (end -1.33 -3.87) (layer B.SilkS) (width 0.12))
    (fp_line (start -1.33 -1.27) (end 1.33 -1.27) (layer B.SilkS) (width 0.12))
    (fp_line (start -1.27 -3.81) (end -1.27 1.27) (layer B.Fab) (width 0.1))
    (fp_line (start 1.27 -3.81) (end -1.27 -3.81) (layer B.Fab) (width 0.1))
    (fp_line (start 1.27 0.635) (end 1.27 -3.81) (layer B.Fab) (width 0.1))
    (fp_line (start 0.635 1.27) (end 1.27 0.635) (layer B.Fab) (width 0.1))
    (fp_line (start -1.27 1.27) (end 0.635 1.27) (layer B.Fab) (width 0.1))
    (fp_text user %R (at 0 -1.27) (layer B.Fab)
      (effects (font (size 1 1) (thickness 0.15)) (justify mirror))
    )
    (fp_line (start 1.33 -3.556) (end 1.016 -3.87) (layer B.SilkS) (width 0.12))
    (pad 2 thru_hole oval (at 0 -2.54 90) (size 1.7 1.7) (drill 1) (layers *.Cu *.Mask)
      (net 9 +V_VEH))
    (pad 1 thru_hole rect (at 0 0 90) (size 1.7 1.7) (drill 1) (layers *.Cu *.Mask)
      (net 10 GND))
    (model ${KISYS3DMOD}/Connector_PinSocket_2.54mm.3dshapes/PinSocket_1x02_P2.54mm_Vertical.wrl
      (at (xyz 0 0 0))
      (scale (xyz 1 1 1))
      (rotate (xyz 0 0 0))
    )
  )

  (module Resistor_SMD:R_0603_1608Metric_Pad0.98x0.95mm_HandSolder (layer F.Cu) (tedit 5F68FEEE) (tstamp 616678E5)
    (at 157.48 101.87)
    (descr "Resistor SMD 0603 (1608 Metric), square (rectangular) end terminal, IPC_7351 nominal with elongated pad for handsoldering. (Body size source: IPC-SM-782 page 72, https://www.pcb-3d.com/wordpress/wp-content/uploads/ipc-sm-782a_amendment_1_and_2.pdf), generated with kicad-footprint-generator")
    (tags "resistor handsolder")
    (path /615C4A9F)
    (attr smd)
    (fp_text reference R6 (at 2.286 0) (layer F.SilkS)
      (effects (font (size 0.7 0.7) (thickness 0.15)))
    )
    (fp_text value "10k DNF" (at 0 1.43) (layer F.Fab)
      (effects (font (size 1 1) (thickness 0.15)))
    )
    (fp_line (start -0.8 0.4125) (end -0.8 -0.4125) (layer F.Fab) (width 0.1))
    (fp_line (start -0.8 -0.4125) (end 0.8 -0.4125) (layer F.Fab) (width 0.1))
    (fp_line (start 0.8 -0.4125) (end 0.8 0.4125) (layer F.Fab) (width 0.1))
    (fp_line (start 0.8 0.4125) (end -0.8 0.4125) (layer F.Fab) (width 0.1))
    (fp_line (start -0.254724 -0.5225) (end 0.254724 -0.5225) (layer F.SilkS) (width 0.12))
    (fp_line (start -0.254724 0.5225) (end 0.254724 0.5225) (layer F.SilkS) (width 0.12))
    (fp_line (start -1.65 0.73) (end -1.65 -0.73) (layer F.CrtYd) (width 0.05))
    (fp_line (start -1.65 -0.73) (end 1.65 -0.73) (layer F.CrtYd) (width 0.05))
    (fp_line (start 1.65 -0.73) (end 1.65 0.73) (layer F.CrtYd) (width 0.05))
    (fp_line (start 1.65 0.73) (end -1.65 0.73) (layer F.CrtYd) (width 0.05))
    (fp_text user %R (at 0 0) (layer F.Fab)
      (effects (font (size 0.4 0.4) (thickness 0.06)))
    )
    (pad 1 smd roundrect (at -0.9125 0) (size 0.975 0.95) (layers F.Cu F.Paste F.Mask) (roundrect_rratio 0.25)
      (net 8 /PWM_H))
    (pad 2 smd roundrect (at 0.9125 0) (size 0.975 0.95) (layers F.Cu F.Paste F.Mask) (roundrect_rratio 0.25)
      (net 10 GND))
    (model ${KISYS3DMOD}/Resistor_SMD.3dshapes/R_0603_1608Metric.wrl
      (at (xyz 0 0 0))
      (scale (xyz 1 1 1))
      (rotate (xyz 0 0 0))
    )
  )

  (module Resistor_SMD:R_0603_1608Metric_Pad0.98x0.95mm_HandSolder (layer F.Cu) (tedit 5F68FEEE) (tstamp 61667727)
    (at 157.48 99.33)
    (descr "Resistor SMD 0603 (1608 Metric), square (rectangular) end terminal, IPC_7351 nominal with elongated pad for handsoldering. (Body size source: IPC-SM-782 page 72, https://www.pcb-3d.com/wordpress/wp-content/uploads/ipc-sm-782a_amendment_1_and_2.pdf), generated with kicad-footprint-generator")
    (tags "resistor handsolder")
    (path /615C47F9)
    (attr smd)
    (fp_text reference R5 (at 2.286 0) (layer F.SilkS)
      (effects (font (size 0.7 0.7) (thickness 0.15)))
    )
    (fp_text value "10k DNF" (at 0 1.43) (layer F.Fab)
      (effects (font (size 1 1) (thickness 0.15)))
    )
    (fp_line (start 1.65 0.73) (end -1.65 0.73) (layer F.CrtYd) (width 0.05))
    (fp_line (start 1.65 -0.73) (end 1.65 0.73) (layer F.CrtYd) (width 0.05))
    (fp_line (start -1.65 -0.73) (end 1.65 -0.73) (layer F.CrtYd) (width 0.05))
    (fp_line (start -1.65 0.73) (end -1.65 -0.73) (layer F.CrtYd) (width 0.05))
    (fp_line (start -0.254724 0.5225) (end 0.254724 0.5225) (layer F.SilkS) (width 0.12))
    (fp_line (start -0.254724 -0.5225) (end 0.254724 -0.5225) (layer F.SilkS) (width 0.12))
    (fp_line (start 0.8 0.4125) (end -0.8 0.4125) (layer F.Fab) (width 0.1))
    (fp_line (start 0.8 -0.4125) (end 0.8 0.4125) (layer F.Fab) (width 0.1))
    (fp_line (start -0.8 -0.4125) (end 0.8 -0.4125) (layer F.Fab) (width 0.1))
    (fp_line (start -0.8 0.4125) (end -0.8 -0.4125) (layer F.Fab) (width 0.1))
    (fp_text user %R (at 0 0) (layer F.Fab)
      (effects (font (size 0.4 0.4) (thickness 0.06)))
    )
    (pad 2 smd roundrect (at 0.9125 0) (size 0.975 0.95) (layers F.Cu F.Paste F.Mask) (roundrect_rratio 0.25)
      (net 10 GND))
    (pad 1 smd roundrect (at -0.9125 0) (size 0.975 0.95) (layers F.Cu F.Paste F.Mask) (roundrect_rratio 0.25)
      (net 7 /PWM_G))
    (model ${KISYS3DMOD}/Resistor_SMD.3dshapes/R_0603_1608Metric.wrl
      (at (xyz 0 0 0))
      (scale (xyz 1 1 1))
      (rotate (xyz 0 0 0))
    )
  )

  (module Resistor_SMD:R_0603_1608Metric_Pad0.98x0.95mm_HandSolder (layer F.Cu) (tedit 5F68FEEE) (tstamp 61667716)
    (at 157.48 96.79)
    (descr "Resistor SMD 0603 (1608 Metric), square (rectangular) end terminal, IPC_7351 nominal with elongated pad for handsoldering. (Body size source: IPC-SM-782 page 72, https://www.pcb-3d.com/wordpress/wp-content/uploads/ipc-sm-782a_amendment_1_and_2.pdf), generated with kicad-footprint-generator")
    (tags "resistor handsolder")
    (path /615C3FA9)
    (attr smd)
    (fp_text reference R4 (at 2.286 0) (layer F.SilkS)
      (effects (font (size 0.7 0.7) (thickness 0.15)))
    )
    (fp_text value "10k DNF" (at 0 1.43) (layer F.Fab)
      (effects (font (size 1 1) (thickness 0.15)))
    )
    (fp_line (start 1.65 0.73) (end -1.65 0.73) (layer F.CrtYd) (width 0.05))
    (fp_line (start 1.65 -0.73) (end 1.65 0.73) (layer F.CrtYd) (width 0.05))
    (fp_line (start -1.65 -0.73) (end 1.65 -0.73) (layer F.CrtYd) (width 0.05))
    (fp_line (start -1.65 0.73) (end -1.65 -0.73) (layer F.CrtYd) (width 0.05))
    (fp_line (start -0.254724 0.5225) (end 0.254724 0.5225) (layer F.SilkS) (width 0.12))
    (fp_line (start -0.254724 -0.5225) (end 0.254724 -0.5225) (layer F.SilkS) (width 0.12))
    (fp_line (start 0.8 0.4125) (end -0.8 0.4125) (layer F.Fab) (width 0.1))
    (fp_line (start 0.8 -0.4125) (end 0.8 0.4125) (layer F.Fab) (width 0.1))
    (fp_line (start -0.8 -0.4125) (end 0.8 -0.4125) (layer F.Fab) (width 0.1))
    (fp_line (start -0.8 0.4125) (end -0.8 -0.4125) (layer F.Fab) (width 0.1))
    (fp_text user %R (at 0 0) (layer F.Fab)
      (effects (font (size 0.4 0.4) (thickness 0.06)))
    )
    (pad 2 smd roundrect (at 0.9125 0) (size 0.975 0.95) (layers F.Cu F.Paste F.Mask) (roundrect_rratio 0.25)
      (net 10 GND))
    (pad 1 smd roundrect (at -0.9125 0) (size 0.975 0.95) (layers F.Cu F.Paste F.Mask) (roundrect_rratio 0.25)
      (net 6 /PWM_F))
    (model ${KISYS3DMOD}/Resistor_SMD.3dshapes/R_0603_1608Metric.wrl
      (at (xyz 0 0 0))
      (scale (xyz 1 1 1))
      (rotate (xyz 0 0 0))
    )
  )

  (module Resistor_SMD:R_0603_1608Metric_Pad0.98x0.95mm_HandSolder (layer F.Cu) (tedit 5F68FEEE) (tstamp 61667705)
    (at 157.48 94.25)
    (descr "Resistor SMD 0603 (1608 Metric), square (rectangular) end terminal, IPC_7351 nominal with elongated pad for handsoldering. (Body size source: IPC-SM-782 page 72, https://www.pcb-3d.com/wordpress/wp-content/uploads/ipc-sm-782a_amendment_1_and_2.pdf), generated with kicad-footprint-generator")
    (tags "resistor handsolder")
    (path /615C3E11)
    (attr smd)
    (fp_text reference R3 (at 2.286 0) (layer F.SilkS)
      (effects (font (size 0.7 0.7) (thickness 0.15)))
    )
    (fp_text value "10k DNF" (at 0 1.43) (layer F.Fab)
      (effects (font (size 1 1) (thickness 0.15)))
    )
    (fp_line (start 1.65 0.73) (end -1.65 0.73) (layer F.CrtYd) (width 0.05))
    (fp_line (start 1.65 -0.73) (end 1.65 0.73) (layer F.CrtYd) (width 0.05))
    (fp_line (start -1.65 -0.73) (end 1.65 -0.73) (layer F.CrtYd) (width 0.05))
    (fp_line (start -1.65 0.73) (end -1.65 -0.73) (layer F.CrtYd) (width 0.05))
    (fp_line (start -0.254724 0.5225) (end 0.254724 0.5225) (layer F.SilkS) (width 0.12))
    (fp_line (start -0.254724 -0.5225) (end 0.254724 -0.5225) (layer F.SilkS) (width 0.12))
    (fp_line (start 0.8 0.4125) (end -0.8 0.4125) (layer F.Fab) (width 0.1))
    (fp_line (start 0.8 -0.4125) (end 0.8 0.4125) (layer F.Fab) (width 0.1))
    (fp_line (start -0.8 -0.4125) (end 0.8 -0.4125) (layer F.Fab) (width 0.1))
    (fp_line (start -0.8 0.4125) (end -0.8 -0.4125) (layer F.Fab) (width 0.1))
    (fp_text user %R (at 0 0) (layer F.Fab)
      (effects (font (size 0.4 0.4) (thickness 0.06)))
    )
    (pad 2 smd roundrect (at 0.9125 0) (size 0.975 0.95) (layers F.Cu F.Paste F.Mask) (roundrect_rratio 0.25)
      (net 10 GND))
    (pad 1 smd roundrect (at -0.9125 0) (size 0.975 0.95) (layers F.Cu F.Paste F.Mask) (roundrect_rratio 0.25)
      (net 5 /PWM_E))
    (model ${KISYS3DMOD}/Resistor_SMD.3dshapes/R_0603_1608Metric.wrl
      (at (xyz 0 0 0))
      (scale (xyz 1 1 1))
      (rotate (xyz 0 0 0))
    )
  )

  (module Resistor_SMD:R_0603_1608Metric_Pad0.98x0.95mm_HandSolder (layer F.Cu) (tedit 5F68FEEE) (tstamp 616676F4)
    (at 157.48 89.17)
    (descr "Resistor SMD 0603 (1608 Metric), square (rectangular) end terminal, IPC_7351 nominal with elongated pad for handsoldering. (Body size source: IPC-SM-782 page 72, https://www.pcb-3d.com/wordpress/wp-content/uploads/ipc-sm-782a_amendment_1_and_2.pdf), generated with kicad-footprint-generator")
    (tags "resistor handsolder")
    (path /615C3B0A)
    (attr smd)
    (fp_text reference R2 (at 2.286 0) (layer F.SilkS)
      (effects (font (size 0.7 0.8) (thickness 0.15)))
    )
    (fp_text value "10k DNF" (at 0 1.43) (layer F.Fab)
      (effects (font (size 1 1) (thickness 0.15)))
    )
    (fp_line (start 1.65 0.73) (end -1.65 0.73) (layer F.CrtYd) (width 0.05))
    (fp_line (start 1.65 -0.73) (end 1.65 0.73) (layer F.CrtYd) (width 0.05))
    (fp_line (start -1.65 -0.73) (end 1.65 -0.73) (layer F.CrtYd) (width 0.05))
    (fp_line (start -1.65 0.73) (end -1.65 -0.73) (layer F.CrtYd) (width 0.05))
    (fp_line (start -0.254724 0.5225) (end 0.254724 0.5225) (layer F.SilkS) (width 0.12))
    (fp_line (start -0.254724 -0.5225) (end 0.254724 -0.5225) (layer F.SilkS) (width 0.12))
    (fp_line (start 0.8 0.4125) (end -0.8 0.4125) (layer F.Fab) (width 0.1))
    (fp_line (start 0.8 -0.4125) (end 0.8 0.4125) (layer F.Fab) (width 0.1))
    (fp_line (start -0.8 -0.4125) (end 0.8 -0.4125) (layer F.Fab) (width 0.1))
    (fp_line (start -0.8 0.4125) (end -0.8 -0.4125) (layer F.Fab) (width 0.1))
    (fp_text user %R (at 0 0) (layer F.Fab)
      (effects (font (size 0.4 0.4) (thickness 0.06)))
    )
    (pad 2 smd roundrect (at 0.9125 0) (size 0.975 0.95) (layers F.Cu F.Paste F.Mask) (roundrect_rratio 0.25)
      (net 10 GND))
    (pad 1 smd roundrect (at -0.9125 0) (size 0.975 0.95) (layers F.Cu F.Paste F.Mask) (roundrect_rratio 0.25)
      (net 3 /PWM_C))
    (model ${KISYS3DMOD}/Resistor_SMD.3dshapes/R_0603_1608Metric.wrl
      (at (xyz 0 0 0))
      (scale (xyz 1 1 1))
      (rotate (xyz 0 0 0))
    )
  )

  (module Resistor_SMD:R_0603_1608Metric_Pad0.98x0.95mm_HandSolder (layer F.Cu) (tedit 5F68FEEE) (tstamp 616676E3)
    (at 157.48 86.63)
    (descr "Resistor SMD 0603 (1608 Metric), square (rectangular) end terminal, IPC_7351 nominal with elongated pad for handsoldering. (Body size source: IPC-SM-782 page 72, https://www.pcb-3d.com/wordpress/wp-content/uploads/ipc-sm-782a_amendment_1_and_2.pdf), generated with kicad-footprint-generator")
    (tags "resistor handsolder")
    (path /615C34DF)
    (attr smd)
    (fp_text reference R1 (at 2.286 0) (layer F.SilkS)
      (effects (font (size 0.7 0.7) (thickness 0.15)))
    )
    (fp_text value "10k DNF" (at 0 1.43) (layer F.Fab)
      (effects (font (size 1 1) (thickness 0.15)))
    )
    (fp_line (start 1.65 0.73) (end -1.65 0.73) (layer F.CrtYd) (width 0.05))
    (fp_line (start 1.65 -0.73) (end 1.65 0.73) (layer F.CrtYd) (width 0.05))
    (fp_line (start -1.65 -0.73) (end 1.65 -0.73) (layer F.CrtYd) (width 0.05))
    (fp_line (start -1.65 0.73) (end -1.65 -0.73) (layer F.CrtYd) (width 0.05))
    (fp_line (start -0.254724 0.5225) (end 0.254724 0.5225) (layer F.SilkS) (width 0.12))
    (fp_line (start -0.254724 -0.5225) (end 0.254724 -0.5225) (layer F.SilkS) (width 0.12))
    (fp_line (start 0.8 0.4125) (end -0.8 0.4125) (layer F.Fab) (width 0.1))
    (fp_line (start 0.8 -0.4125) (end 0.8 0.4125) (layer F.Fab) (width 0.1))
    (fp_line (start -0.8 -0.4125) (end 0.8 -0.4125) (layer F.Fab) (width 0.1))
    (fp_line (start -0.8 0.4125) (end -0.8 -0.4125) (layer F.Fab) (width 0.1))
    (fp_text user %R (at 0 0) (layer F.Fab)
      (effects (font (size 0.4 0.4) (thickness 0.06)))
    )
    (pad 2 smd roundrect (at 0.9125 0) (size 0.975 0.95) (layers F.Cu F.Paste F.Mask) (roundrect_rratio 0.25)
      (net 10 GND))
    (pad 1 smd roundrect (at -0.9125 0) (size 0.975 0.95) (layers F.Cu F.Paste F.Mask) (roundrect_rratio 0.25)
      (net 2 /PWM_B))
    (model ${KISYS3DMOD}/Resistor_SMD.3dshapes/R_0603_1608Metric.wrl
      (at (xyz 0 0 0))
      (scale (xyz 1 1 1))
      (rotate (xyz 0 0 0))
    )
  )

  (module Connector_PinSocket_2.54mm:PinSocket_1x10_P2.54mm_Vertical (layer B.Cu) (tedit 5A19A425) (tstamp 6152A337)
    (at 163.83 105.68)
    (descr "Through hole straight socket strip, 1x10, 2.54mm pitch, single row (from Kicad 4.0.7), script generated")
    (tags "Through hole socket strip THT 1x10 2.54mm single row")
    (path /615AD5F5)
    (fp_text reference J1 (at -2.54 0 90) (layer B.SilkS)
      (effects (font (size 1 1) (thickness 0.15)) (justify mirror))
    )
    (fp_text value Conn_02x05_Odd_Even (at 0 -25.63) (layer B.Fab)
      (effects (font (size 1 1) (thickness 0.15)) (justify mirror))
    )
    (fp_line (start -1.8 -24.6) (end -1.8 1.8) (layer B.CrtYd) (width 0.05))
    (fp_line (start 1.75 -24.6) (end -1.8 -24.6) (layer B.CrtYd) (width 0.05))
    (fp_line (start 1.75 1.8) (end 1.75 -24.6) (layer B.CrtYd) (width 0.05))
    (fp_line (start -1.8 1.8) (end 1.75 1.8) (layer B.CrtYd) (width 0.05))
    (fp_line (start 0 1.33) (end 1.33 1.33) (layer B.SilkS) (width 0.12))
    (fp_line (start 1.33 1.33) (end 1.33 0) (layer B.SilkS) (width 0.12))
    (fp_line (start 1.33 -1.27) (end 1.33 -24.19) (layer B.SilkS) (width 0.12))
    (fp_line (start -1.33 -24.19) (end 1.33 -24.19) (layer B.SilkS) (width 0.12))
    (fp_line (start -1.33 -1.27) (end -1.33 -24.19) (layer B.SilkS) (width 0.12))
    (fp_line (start -1.33 -1.27) (end 1.33 -1.27) (layer B.SilkS) (width 0.12))
    (fp_line (start -1.27 -24.13) (end -1.27 1.27) (layer B.Fab) (width 0.1))
    (fp_line (start 1.27 -24.13) (end -1.27 -24.13) (layer B.Fab) (width 0.1))
    (fp_line (start 1.27 0.635) (end 1.27 -24.13) (layer B.Fab) (width 0.1))
    (fp_line (start 0.635 1.27) (end 1.27 0.635) (layer B.Fab) (width 0.1))
    (fp_line (start -1.27 1.27) (end 0.635 1.27) (layer B.Fab) (width 0.1))
    (fp_text user %R (at 0 -11.43 -90) (layer B.Fab)
      (effects (font (size 1 1) (thickness 0.15)) (justify mirror))
    )
    (pad 10 thru_hole oval (at 0 -22.86) (size 1.7 1.7) (drill 1) (layers *.Cu *.Mask)
      (net 1 /PWM_A))
    (pad 9 thru_hole oval (at 0 -20.32) (size 1.7 1.7) (drill 1) (layers *.Cu *.Mask)
      (net 2 /PWM_B))
    (pad 8 thru_hole oval (at 0 -17.78) (size 1.7 1.7) (drill 1) (layers *.Cu *.Mask)
      (net 3 /PWM_C))
    (pad 7 thru_hole oval (at 0 -15.24) (size 1.7 1.7) (drill 1) (layers *.Cu *.Mask)
      (net 4 /PWM_D))
    (pad 6 thru_hole oval (at 0 -12.7) (size 1.7 1.7) (drill 1) (layers *.Cu *.Mask)
      (net 5 /PWM_E))
    (pad 5 thru_hole oval (at 0 -10.16) (size 1.7 1.7) (drill 1) (layers *.Cu *.Mask)
      (net 6 /PWM_F))
    (pad 4 thru_hole oval (at 0 -7.62) (size 1.7 1.7) (drill 1) (layers *.Cu *.Mask)
      (net 7 /PWM_G))
    (pad 3 thru_hole oval (at 0 -5.08) (size 1.7 1.7) (drill 1) (layers *.Cu *.Mask)
      (net 8 /PWM_H))
    (pad 2 thru_hole oval (at 0 -2.54) (size 1.7 1.7) (drill 1) (layers *.Cu *.Mask)
      (net 9 +V_VEH))
    (pad 1 thru_hole rect (at 0 0) (size 1.7 1.7) (drill 1) (layers *.Cu *.Mask)
      (net 10 GND))
    (model ${KISYS3DMOD}/Connector_PinSocket_2.54mm.3dshapes/PinSocket_1x10_P2.54mm_Vertical.wrl
      (at (xyz 0 0 0))
      (scale (xyz 1 1 1))
      (rotate (xyz 0 0 0))
    )
  )

  (gr_text "Please pull down\nthe unconnected channels" (at 158.75 82.185 90) (layer B.SilkS)
    (effects (font (size 1 1) (thickness 0.15)) (justify left mirror))
  )
  (gr_text BAT (at 151.638 104.41 -90) (layer F.SilkS) (tstamp 6152C3C5)
    (effects (font (size 0.75 0.75) (thickness 0.15)))
  )
  (gr_text ext./mr8 (at 155.194 95.52) (layer F.SilkS) (tstamp 6152C301)
    (effects (font (size 0.8 0.8) (thickness 0.15)) (justify left))
  )
  (gr_line (start 154.686 96.79) (end 154.94 96.536) (layer F.SilkS) (width 0.15))
  (gr_line (start 154.686 96.79) (end 154.94 97.044) (layer F.SilkS) (width 0.15))
  (gr_line (start 154.686 94.25) (end 154.94 93.996) (layer F.SilkS) (width 0.15))
  (gr_line (start 154.686 94.25) (end 154.94 94.504) (layer F.SilkS) (width 0.15))
  (gr_line (start 155.194 94.25) (end 154.686 94.25) (layer F.SilkS) (width 0.15))
  (gr_line (start 155.194 96.79) (end 155.194 94.25) (layer F.SilkS) (width 0.15))
  (gr_line (start 154.686 96.79) (end 155.194 96.79) (layer F.SilkS) (width 0.15))
  (gr_text Steering (at 155.067 91.71) (layer F.SilkS) (tstamp 6152C1AB)
    (effects (font (size 0.8 0.8) (thickness 0.15)) (justify left))
  )
  (gr_text Throttle (at 155.067 84.09) (layer F.SilkS)
    (effects (font (size 0.8 0.8) (thickness 0.15)) (justify left))
  )
  (gr_text "RC Interface for MR-8  @tokuhira" (at 161.671 94.25 -90) (layer F.SilkS) (tstamp 6152C110)
    (effects (font (size 1 1) (thickness 0.15)))
  )
  (gr_line (start 160.02 82.82) (end 160.02 83.455) (layer F.SilkS) (width 0.12))
  (gr_line (start 152.4 82.82) (end 160.02 82.82) (layer F.SilkS) (width 0.12))
  (gr_line (start 152.4 83.455) (end 152.4 82.82) (layer F.SilkS) (width 0.12))
  (gr_line (start 160.02 105.68) (end 160.02 105.045) (layer F.SilkS) (width 0.12))
  (gr_line (start 152.4 105.68) (end 160.02 105.68) (layer F.SilkS) (width 0.12))
  (gr_line (start 152.4 105.045) (end 152.4 105.68) (layer F.SilkS) (width 0.12))
  (gr_text - (at 158.75 106.696 -90) (layer F.SilkS) (tstamp 6152AB7C)
    (effects (font (size 1 1) (thickness 0.15)))
  )
  (gr_text + (at 156.21 106.696 -90) (layer F.SilkS) (tstamp 6152AB78)
    (effects (font (size 1 1) (thickness 0.15)))
  )
  (gr_text H (at 151.765 101.87 -90) (layer F.SilkS) (tstamp 6152A713)
    (effects (font (size 1 1) (thickness 0.15)))
  )
  (gr_text G (at 151.765 99.33 -90) (layer F.SilkS) (tstamp 6152A711)
    (effects (font (size 1 1) (thickness 0.15)))
  )
  (gr_text F (at 151.765 96.79 -90) (layer F.SilkS) (tstamp 6152A70F)
    (effects (font (size 1 1) (thickness 0.15)))
  )
  (gr_text E (at 151.765 94.25 -90) (layer F.SilkS) (tstamp 6152A70D)
    (effects (font (size 1 1) (thickness 0.15)))
  )
  (gr_text D (at 151.765 91.71 -90) (layer F.SilkS) (tstamp 6152A70B)
    (effects (font (size 1 1) (thickness 0.15)))
  )
  (gr_text C (at 151.765 89.17 -90) (layer F.SilkS) (tstamp 6152A709)
    (effects (font (size 1 1) (thickness 0.15)))
  )
  (gr_text B (at 151.765 86.63 -90) (layer F.SilkS) (tstamp 6152A707)
    (effects (font (size 1 1) (thickness 0.15)))
  )
  (gr_text A (at 151.765 84.09 270) (layer F.SilkS)
    (effects (font (size 1 1) (thickness 0.15)))
  )
  (gr_arc (start 164.234 107.25) (end 164.234 108.25) (angle -90) (layer Edge.Cuts) (width 0.05))
  (gr_arc (start 151.615 107.25) (end 150.615 107.25) (angle -90) (layer Edge.Cuts) (width 0.05))
  (gr_arc (start 151.615 81.25) (end 151.615 80.25) (angle -90) (layer Edge.Cuts) (width 0.05))
  (gr_arc (start 164.234 81.25) (end 165.234 81.25) (angle -90) (layer Edge.Cuts) (width 0.05))
  (gr_line (start 164.234 80.25) (end 151.615 80.25) (layer Edge.Cuts) (width 0.05) (tstamp 61529336))
  (gr_line (start 165.234 107.25) (end 165.234 81.25) (layer Edge.Cuts) (width 0.05))
  (gr_line (start 151.615 108.25) (end 164.234 108.25) (layer Edge.Cuts) (width 0.05))
  (gr_line (start 150.615 81.25) (end 150.615 107.25) (layer Edge.Cuts) (width 0.05))

  (segment (start 154.94 82.82) (end 153.67 84.09) (width 0.3) (layer B.Cu) (net 1))
  (segment (start 163.83 82.82) (end 154.94 82.82) (width 0.3) (layer B.Cu) (net 1))
  (segment (start 153.67 86.63) (end 156.5675 86.63) (width 0.3) (layer F.Cu) (net 2))
  (segment (start 154.94 85.36) (end 153.67 86.63) (width 0.3) (layer B.Cu) (net 2))
  (segment (start 163.83 85.36) (end 154.94 85.36) (width 0.3) (layer B.Cu) (net 2))
  (segment (start 153.67 89.17) (end 156.5675 89.17) (width 0.3) (layer F.Cu) (net 3))
  (segment (start 154.94 87.9) (end 153.67 89.17) (width 0.3) (layer B.Cu) (net 3))
  (segment (start 163.83 87.9) (end 154.94 87.9) (width 0.3) (layer B.Cu) (net 3))
  (segment (start 154.94 90.44) (end 153.67 91.71) (width 0.3) (layer B.Cu) (net 4))
  (segment (start 163.83 90.44) (end 154.94 90.44) (width 0.3) (layer B.Cu) (net 4))
  (segment (start 153.67 94.25) (end 156.5675 94.25) (width 0.3) (layer F.Cu) (net 5))
  (segment (start 154.94 92.98) (end 153.67 94.25) (width 0.3) (layer B.Cu) (net 5))
  (segment (start 163.83 92.98) (end 154.94 92.98) (width 0.3) (layer B.Cu) (net 5))
  (segment (start 153.67 96.79) (end 156.5675 96.79) (width 0.3) (layer F.Cu) (net 6))
  (segment (start 154.94 95.52) (end 153.67 96.79) (width 0.3) (layer B.Cu) (net 6))
  (segment (start 163.83 95.52) (end 154.94 95.52) (width 0.3) (layer B.Cu) (net 6))
  (segment (start 153.67 99.33) (end 156.5675 99.33) (width 0.3) (layer F.Cu) (net 7))
  (segment (start 154.94 98.06) (end 153.67 99.33) (width 0.3) (layer B.Cu) (net 7))
  (segment (start 163.83 98.06) (end 154.94 98.06) (width 0.3) (layer B.Cu) (net 7))
  (segment (start 153.67 101.87) (end 156.5675 101.87) (width 0.3) (layer F.Cu) (net 8))
  (segment (start 154.94 100.6) (end 153.67 101.87) (width 0.3) (layer B.Cu) (net 8))
  (segment (start 163.83 100.6) (end 154.94 100.6) (width 0.3) (layer B.Cu) (net 8))
  (segment (start 163.699999 103.009999) (end 163.83 103.14) (width 0.6) (layer B.Cu) (net 9))
  (segment (start 157.610001 103.009999) (end 163.699999 103.009999) (width 0.6) (layer B.Cu) (net 9))
  (segment (start 156.21 104.41) (end 157.610001 103.009999) (width 0.6) (layer B.Cu) (net 9))
  (segment (start 158.3925 104.0525) (end 158.75 104.41) (width 0.6) (layer F.Cu) (net 10))
  (segment (start 158.3925 101.87) (end 158.3925 104.0525) (width 0.6) (layer F.Cu) (net 10))
  (segment (start 158.3925 101.87) (end 158.3925 99.33) (width 0.6) (layer F.Cu) (net 10))
  (segment (start 158.3925 99.33) (end 158.3925 96.79) (width 0.6) (layer F.Cu) (net 10))
  (segment (start 158.3925 96.79) (end 158.3925 94.25) (width 0.6) (layer F.Cu) (net 10))
  (segment (start 158.3925 94.25) (end 158.3925 89.17) (width 0.6) (layer F.Cu) (net 10))
  (segment (start 158.3925 89.17) (end 158.3925 86.63) (width 0.6) (layer F.Cu) (net 10))
  (segment (start 160.02 105.68) (end 158.75 104.41) (width 0.6) (layer B.Cu) (net 10))
  (segment (start 163.83 105.68) (end 160.02 105.68) (width 0.6) (layer B.Cu) (net 10))

)
